1
1
---
29
9 21
21 8
21 0
9 6
6 15
8 16
0 12
9 14
6 20
21 10
0 7
7 18
21 19
15 26
6 24
26 22
20 3
26 17
8 1
18 2
7 5
6 27
2 4
0 13
12 28
16 23
16 11
27 25
29
---
39
24 18
24 13
13 17
13 25
17 5
17 14
25 12
5 1
14 36
18 22
5 4
1 10
25 7
5 27
24 32
27 35
5 23
35 0
17 20
12 21
5 38
22 3
12 29
14 28
38 8
21 11
23 30
29 19
27 37
38 2
24 6
18 16
35 34
12 9
0 26
4 15
25 33
35 31
1
---
8
2 3
2 1
2 4
2 5
2 6
2 0
2 7
5
---
5
1 2
2 3
3 4
4 0
1
---
7
0 1
0 5
5 6
0 4
4 3
1 2
1
---
39
3 25
3 17
17 32
32 0
0 16
32 10
3 30
17 35
16 20
30 27
27 8
8 1
27 31
16 36
1 11
1 28
36 9
25 24
17 7
7 18
8 15
17 38
31 33
3 34
1 26
35 13
36 22
31 14
27 6
22 37
15 23
25 19
31 12
12 29
27 21
35 4
3 2
8 5
8
---
30
20 10
20 22
10 2
22 4
20 14
14 3
10 12
22 11
11 19
14 9
14 13
2 0
0 17
10 23
12 15
23 27
22 1
2 21
14 5
19 28
3 16
3 7
23 18
16 6
6 29
1 26
26 24
6 25
24 8
1
---
21
2 9
9 20
20 14
14 16
20 4
4 17
9 3
20 6
9 7
7 1
17 13
13 8
20 0
20 19
14 18
2 5
6 11
9 10
1 15
0 12
21
---
33
24 1
24 15
1 6
6 29
6 27
29 19
24 25
15 32
29 17
25 26
25 23
25 7
7 0
15 20
32 30
24 13
29 12
24 31
17 21
12 16
21 3
16 2
32 28
12 11
24 14
17 18
31 5
29 8
1 4
11 9
8 10
16 22
6
---
1
3
---
38
7 31
7 21
7 20
7 16
21 25
16 34
34 29
34 22
16 10
7 32
34 13
10 3
20 26
10 28
26 1
32 15
29 8
26 27
32 4
22 35
29 12
34 23
13 17
21 5
28 24
22 6
29 9
12 0
20 18
28 30
5 11
6 14
23 37
5 36
20 2
28 19
4 33
5
---
11
9 2
2 8
8 3
3 4
4 5
5 6
6 10
10 0
0 7
7 1
9
---
19
3 18
18 15
18 11
15 13
13 16
13 12
15 4
13 10
12 1
4 9
10 17
12 14
4 6
4 7
14 2
16 5
11 0
5 8
1
---
17
4 16
16 9
4 6
4 10
10 5
6 3
4 8
10 14
6 7
8 12
6 0
0 11
14 1
11 13
6 15
16 2
6
---
7
2 1
1 6
1 0
6 3
1 5
2 4
1
---
13
6 11
11 12
12 3
3 0
0 9
9 10
10 7
7 2
2 4
4 1
1 8
8 5
6
---
2
0 1
1
---
1
10
---
2
1 0
6