30
21 26
21 10
21 28
21 25
21 24
21 4
21 9
21 23
21 1
21 27
21 13
21 18
21 15
21 29
21 8
21 20
21 2
21 3
21 19
21 12
21 14
21 0
21 5
21 22
21 6
21 17
21 7
21 16
21 11
---
46
15 44
44 35
35 45
45 31
31 22
22 2
2 18
18 30
30 9
9 16
16 4
4 37
37 25
25 33
33 5
5 12
12 6
6 19
19 23
23 8
8 41
41 24
24 13
13 43
43 21
21 17
17 32
32 20
20 34
34 3
3 42
42 39
39 7
7 1
1 10
10 40
40 36
36 14
14 29
29 0
0 38
38 28
28 26
26 27
27 11
---
22
16 3
16 6
16 10
16 5
16 12
16 2
16 11
16 13
16 9
16 7
16 14
16 20
16 1
16 21
16 0
16 8
16 17
16 4
16 18
16 15
16 19
---
9
5 3
3 4
4 8
8 7
7 1
1 6
6 2
2 0
---
48
1 32
1 24
24 37
32 18
1 38
38 16
24 36
24 30
36 0
0 43
30 10
24 7
32 15
7 9
18 8
37 13
32 5
18 23
9 2
9 28
43 17
24 3
28 41
17 46
41 42
36 47
0 40
15 22
36 19
13 44
2 29
18 31
19 14
7 26
41 45
7 34
26 20
0 25
22 11
30 21
28 6
26 4
15 12
42 33
29 27
10 39
14 35
---
33
3 5
3 30
3 14
3 25
3 6
3 18
3 20
3 29
3 11
3 12
3 24
3 19
3 2
3 8
3 23
3 4
3 10
3 1
3 7
3 0
3 22
3 31
3 17
3 13
3 21
3 27
3 9
3 26
3 32
3 15
3 28
3 16
---
36
21 18
21 22
21 32
32 5
5 1
32 17
1 27
17 33
21 34
27 26
26 6
34 25
5 31
6 20
20 9
1 35
5 11
21 4
26 16
1 15
32 8
16 12
12 3
34 23
22 19
34 7
12 29
8 13
34 2
21 14
20 10
10 28
34 0
15 30
26 24
---
38
22 19
22 18
18 24
18 32
18 33
32 2
32 29
32 6
19 36
24 14
29 13
32 9
9 1
13 7
33 4
33 26
19 25
36 28
4 20
18 8
25 3
1 27
6 30
26 23
4 35
6 12
32 5
4 34
6 16
16 0
30 10
16 37
22 15
27 21
29 31
37 17
2 11
---
24
13 4
13 9
9 2
13 18
18 23
2 15
15 11
15 10
11 3
23 5
2 22
11 0
5 8
22 12
15 17
2 14
5 19
12 7
23 20
4 6
12 16
15 1
23 21
---
39
25 18
18 20
25 2
2 8
8 32
25 0
8 16
2 23
32 33
2 19
25 27
25 13
27 12
12 7
0 36
8 34
16 10
20 37
10 6
23 11
25 1
10 26
10 17
19 3
23 38
3 22
38 14
17 31
23 30
6 21
16 24
19 29
36 9
25 4
12 15
21 28
0 35
1 5
---
40
6 28
28 20
20 32
32 10
10 9
9 12
12 14
14 23
23 3
3 38
38 18
18 33
33 31
31 19
19 24
24 11
11 27
27 2
2 13
13 21
21 34
34 1
1 26
26 39
39 29
29 7
7 25
25 30
30 15
15 5
5 22
22 4
4 35
35 17
17 36
36 16
16 8
8 0
0 37
---
29
16 4
16 9
16 13
16 25
16 14
16 21
16 5
16 19
16 17
16 6
16 20
16 26
16 22
16 15
16 10
16 3
16 18
16 2
16 24
16 23
16 0
16 7
16 1
16 27
16 11
16 8
16 12
16 28
---
9
4 5
5 8
8 2
2 6
6 0
0 1
1 3
3 7
---
1
---
6
3 2
2 4
4 1
2 0
0 5
---
50
32 16
32 15
32 41
32 40
32 26
32 39
32 27
32 23
32 21
32 48
32 35
32 13
32 38
32 8
32 0
32 24
32 37
32 30
32 19
32 17
32 6
32 12
32 5
32 18
32 11
32 3
32 10
32 14
32 47
32 29
32 25
32 22
32 46
32 34
32 4
32 49
32 20
32 28
32 42
32 43
32 44
32 2
32 36
32 31
32 33
32 45
32 9
32 7
32 1
---
24
0 23
0 18
18 4
23 12
4 3
3 13
4 9
18 7
13 1
23 22
3 5
1 11
11 14
1 16
13 21
12 6
9 15
7 17
1 2
4 8
0 19
5 20
13 10
---
5
0 2
2 4
0 1
2 3
---
20
15 2
2 3
3 1
1 17
17 8
8 6
6 9
9 14
14 0
0 19
19 12
12 7
7 10
10 5
5 18
18 16
16 4
4 11
11 13
---
1