57 57 57 57 57 57 57 57 57 57 57 57 57 57 57 57 57 57 57 57 57 29 57 57 57 57 57 57 57 57
---
835 661 801 585 661 585 559 639 535 711 685 1035 571 529 769 1035 685 541 769 549 559 535 835 541 529 619 949 991 909 801 739 871 549 601 571 949 739 639 871 619 711 531 601 531 991 909
---
41 41 41 41 41 41 41 41 41 41 41 41 41 41 41 41 21 41 41 41 41 41
---
36 21 29 29 24 36 24 20 21
---
203 163 229 187 247 237 269 159 277 187 225 321 277 227 253 231 253 289 231 209 247 227 275 277 141 249 201 319 223 273 181 277 191 353 205 299 167 183 207 271 249 263 307 245 273 309 335 213
---
63 63 63 32 63 63 63 63 63 63 63 63 63 63 63 63 63 63 63 63 63 63 63 63 63 63 63 63 63 63 63 63 63
---
192 124 192 242 168 120 176 192 154 238 236 154 208 188 168 156 178 154 168 200 204 134 166 192 184 192 150 136 270 242 190 154 122 188 158 158
---
188 162 134 224 156 136 122 200 138 130 192 170 158 164 172 162 152 222 102 154 192 232 126 196 136 188 160 196 224 130 156 166 100 126 192 192 188 186
---
119 101 69 119 95 115 117 125 137 71 101 97 103 75 91 79 125 101 85 137 119 119 85 97
---
144 148 106 172 150 185 198 214 119 216 165 172 177 150 207 214 140 200 146 137 181 233 209 135 177 113 202 144 270 174 172 237 154 191 156 181 179 218 170
---
742 406 402 510 556 510 780 442 706 610 640 412 582 400 556 490 672 610 472 430 706 400 532 532 420 456 412 406 742 430 472 442 672 456 402 582 640 780 490 420
---
55 55 55 55 55 55 55 55 55 55 55 55 55 55 55 55 28 55 55 55 55 55 55 55 55 55 55 55 55
---
21 24 21 29 36 29 20 36 24
---
0
---
9 13 7 11 9 13
---
97 97 97 97 97 97 97 97 97 97 97 97 97 97 97 97 97 97 97 97 97 97 97 97 97 97 97 97 97 97 97 97 49 97 97 97 97 97 97 97 97 97 97 97 97 97 97 97 97 97
---
83 89 111 67 65 87 141 91 87 85 97 109 119 75 131 107 111 113 71 105 109 97 121 99
---
6 9 5 8 8
---
100 142 172 156 156 120 112 106 120 106 112 172 102 190 102 190 142 130 130 100
---
0