20
18 2
2 10
10 9
9 14
14 6
6 17
17 12
12 3
3 4
4 7
7 0
0 19
19 5
5 1
1 16
16 13
13 15
15 11
11 8
1 1 1 1 1 1 1 1 1 1 1 1 1 1 1 1 1 1 1 1
---
48
3 7
7 22
22 12
22 20
7 46
3 0
3 6
20 37
3 26
7 31
6 24
22 21
6 2
6 13
13 32
3 43
24 36
7 38
26 5
20 28
21 29
31 42
37 19
20 8
42 14
29 47
21 30
19 44
3 23
28 16
32 40
7 4
12 33
46 39
32 11
20 15
29 41
41 45
6 25
12 18
42 10
45 34
33 27
6 9
0 1
39 17
21 35
2 4 1 5 3 2 1 2 5 2 2 4 4 1 1 5 3 5 1 4 2 1 1 2 4 4 2 2 4 3 5 2 3 3 5 1 3 1 2 3 2 3 4 5 4 5 2 4
---
50
28 34
34 19
19 10
19 11
19 22
22 30
10 21
21 23
21 31
22 15
10 36
21 42
11 14
19 45
31 16
45 47
14 27
36 49
34 9
49 32
22 44
45 38
38 12
15 40
44 6
40 17
42 0
22 48
11 25
14 43
19 26
6 24
22 2
14 29
28 41
40 33
11 46
49 18
48 35
2 20
12 13
20 3
25 5
21 39
11 1
15 8
39 7
15 37
47 4
1 2 3 4 5 6 7 8 9 10 11 12 13 14 15 16 17 18 19 20 21 22 23 24 25 26 27 28 29 30 31 32 33 34 35 36 37 38 39 40 41 42 43 44 45 46 47 48 49 50
---
18
1 5
1 17
1 13
1 2
1 7
1 12
1 14
1 9
1 0
1 16
1 8
1 4
1 10
1 6
1 11
1 15
1 3
1 1 1 1 1 1 1 1 1 1 1 1 1 1 1 1 1 1
---
21
18 2
18 0
0 7
18 3
3 6
2 11
2 9
3 12
2 19
3 8
8 1
1 15
3 13
2 14
12 5
12 16
1 4
15 17
1 20
19 10
2 5 1 3 4 4 5 2 1 1 2 1 3 1 5 2 5 4 5 3 5
---
1
1
---
47
11 26
26 44
44 16
26 34
44 36
11 10
36 3
34 5
36 12
44 39
10 37
37 45
5 0
10 28
36 32
39 40
28 13
45 43
36 9
44 14
3 20
10 15
26 25
28 31
14 1
10 18
0 4
31 41
37 29
43 7
4 17
37 23
10 19
0 27
37 33
4 24
1 6
36 8
31 35
36 42
12 38
9 30
4 2
37 22
13 46
43 21
1 2 3 4 5 6 7 8 9 10 11 12 13 14 15 16 17 18 19 20 21 22 23 24 25 26 27 28 29 30 31 32 33 34 35 36 37 38 39 40 41 42 43 44 45 46 47
---
18
5 6
5 3
5 7
5 4
5 11
5 16
5 1
5 12
5 10
5 9
5 14
5 13
5 15
5 17
5 8
5 2
5 0
4 1 5 1 5 3 5 3 5 4 4 2 2 4 3 3 2 4
---
12
1 9
1 5
5 4
4 8
9 6
5 0
5 7
1 3
9 2
5 11
11 10
1 2 3 4 5 6 7 8 9 10 11 12
---
17
14 2
14 1
14 12
14 5
14 7
14 16
14 0
14 6
14 4
14 10
14 11
14 9
14 15
14 3
14 13
14 8
1 2 1 5 1 4 2 4 2 4 1 1 2 1 5 2 5
---
31
22 8
8 3
8 16
22 28
22 5
16 19
28 15
15 30
28 20
20 1
1 11
16 6
8 29
3 13
28 25
20 27
28 26
1 0
20 7
29 2
2 23
23 18
13 21
0 9
23 4
29 12
9 24
18 17
4 14
17 10
1 1 1 1 1 1 1 1 1 1 1 1 1 1 1 1 1 1 1 1 1 1 1 1 1 1 1 1 1 1 1
---
2
1 0
1 1
---
27
1 22
22 18
18 21
22 26
22 25
21 5
5 16
25 19
19 20
1 23
23 6
16 11
19 3
6 14
20 2
6 8
8 24
1 12
24 7
11 0
21 13
8 4
16 15
4 9
21 10
9 17
1 2 3 4 5 6 7 8 9 10 11 12 13 14 15 16 17 18 19 20 21 22 23 24 25 26 27
---
48
19 13
13 16
16 25
13 33
33 21
13 40
21 35
19 22
40 6
6 39
16 46
46 24
33 15
13 32
32 29
13 17
29 5
46 18
46 28
16 37
16 3
22 4
32 20
20 43
24 30
13 44
46 42
13 27
17 7
40 2
7 47
3 31
39 10
24 26
33 23
46 11
24 14
14 41
23 45
28 34
2 9
45 0
42 12
15 1
20 8
3 36
42 38
1 1 1 1 1 1 1 1 1 1 1 1 1 1 1 1 1 1 1 1 1 1 1 1 1 1 1 1 1 1 1 1 1 1 1 1 1 1 1 1 1 1 1 1 1 1 1 1
---
2
1 0
2 1
---
39
28 10
10 22
28 7
7 30
22 14
28 23
14 6
30 34
23 12
30 15
7 36
36 25
34 31
15 24
24 26
31 29
23 20
20 8
25 3
29 33
24 37
24 32
30 38
15 19
30 1
26 0
28 17
10 21
7 11
6 5
7 18
31 13
36 2
19 35
11 4
0 27
28 16
33 9
5 3 3 4 4 4 1 4 1 1 3 2 5 1 4 2 5 4 3 4 5 2 2 3 3 3 2 2 4 1 3 5 2 3 1 5 4 2 3
---
2
0 1
2 2
---
2
1 0
1 1
---
14
1 4
1 5
1 0
1 9
1 7
1 10
1 2
1 8
1 13
1 3
1 12
1 11
1 6
1 1 1 1 1 1 1 1 1 1 1 1 1 1
---
16
12 6
6 8
8 13
6 10
8 11
6 1
6 15
1 0
10 4
15 5
12 2
12 9
10 14
1 7
2 3
2 1 5 1 4 4 3 1 5 5 2 3 3 4 1 1