6
3 4
4 0
4 2
3 1
2 5
616 767 915 726 808 696
---
8
3 1
1 0
3 4
1 5
0 6
4 7
5 2
789 186 193 757 344 604 697 346
---
3
0 1
0 2
233 436 247
---
25
6 3
3 22
6 19
22 18
19 12
3 14
19 10
12 1
1 23
22 7
1 17
14 13
7 11
12 5
7 2
14 4
10 0
18 24
18 20
10 8
13 9
13 21
0 16
4 15
885 436 376 939 687 719 431 731 411 526 542 592 946 708 47 149 77 792 166 227 665 699 318 964 61
---
10
9 1
9 7
9 4
9 5
9 0
9 6
9 2
9 8
9 3
629 220 224 978 854 174 456 895 614 481
---
28
19 5
19 11
19 26
19 1
19 18
19 21
19 3
19 27
19 16
19 4
19 25
19 10
19 13
19 14
19 23
19 0
19 24
19 17
19 8
19 20
19 12
19 6
19 22
19 2
19 9
19 7
19 15
124 912 405 692 589 368 613 191 106 243 67 270 904 132 749 318 873 872 753 31 410 984 200 111 124 150 645 108
---
39
25 19
19 22
22 35
35 33
33 21
21 38
38 32
32 9
9 13
13 27
27 8
8 18
18 29
29 4
4 37
37 3
3 10
10 23
23 26
26 17
17 6
6 1
1 24
24 12
12 34
34 20
20 7
7 16
16 5
5 11
11 28
28 2
2 36
36 15
15 31
31 14
14 0
0 30
319 94 169 136 432 804 55 184 109 554 571 579 178 325 896 35 524 73 134 332 555 839 71 178 759 158 937 854 258 191 621 417 32 132 149 410 450 512 271
---
9
5 4
5 7
4 1
4 2
7 0
7 6
0 3
2 8
748 921 427 684 471 857 735 238 354
---
13
2 10
10 7
2 1
7 5
7 0
1 9
9 8
1 12
0 6
9 4
6 3
4 11
567 8 342 397 104 29 869 82 912 388 476 548 477
---
29
24 12
12 23
23 19
19 9
9 0
0 22
22 3
3 4
4 7
7 28
28 16
16 1
1 20
20 15
15 25
25 14
14 21
21 8
8 2
2 27
27 6
6 17
17 5
5 13
13 10
10 18
18 11
11 26
389 69 928 334 909 28 576 809 749 122 523 678 115 890 473 271 635 382 738 158 781 518 924 616 598 804 558 326 636
---
26
18 17
17 23
17 10
23 22
23 4
22 3
3 16
10 9
4 24
4 25
24 20
3 0
16 13
0 8
25 14
16 15
20 19
20 1
18 7
1 21
10 2
14 5
21 6
9 12
13 11
180 440 450 16 844 652 460 356 289 734 247 199 236 169 105 733 982 667 978 665 804 115 765 965 106 454
---
3
2 1
2 0
842 63 356
---
35
9 5
5 24
5 34
9 7
34 14
24 28
14 6
14 32
32 25
6 11
24 3
6 23
23 20
11 12
34 15
15 21
28 19
32 13
19 10
13 16
10 33
11 2
3 31
2 26
3 22
2 30
10 4
4 0
23 18
12 17
30 1
33 29
31 8
15 27
685 736 177 142 834 584 664 632 818 465 901 823 251 722 877 815 11 843 675 409 408 930 795 822 174 924 141 232 829 166 182 192 5 797 110
---
9
3 0
3 8
3 6
3 1
3 4
3 5
3 7
3 2
12 221 888 154 25 195 445 56 283
---
34
9 21
21 14
14 30
30 19
19 20
20 8
8 26
26 4
4 32
32 7
7 18
18 2
2 28
28 3
3 15
15 16
16 22
22 1
1 12
12 27
27 17
17 0
0 33
33 10
10 5
5 23
23 24
24 29
29 6
6 25
25 31
31 13
13 11
1000 22 987 709 711 793 529 286 99 353 343 588 149 249 209 399 989 927 866 488 830 624 805 654 333 136 783 771 894 734 148 152 269 47
---
22
14 10
14 12
14 3
14 2
14 5
14 17
14 0
14 1
14 13
14 9
14 18
14 21
14 16
14 6
14 7
14 4
14 11
14 20
14 15
14 19
14 8
39 511 395 475 946 893 380 351 654 108 328 129 817 568 280 170 814 614 387 140 609 391
---
8
7 5
5 2
2 0
0 3
3 1
1 4
4 6
541 296 47 205 94 848 709 796
---
3
1 0
0 2
344 630 709
---
12
7 6
6 11
11 4
4 3
11 9
9 0
3 1
6 10
4 8
8 5
1 2
508 879 363 370 730 303 534 539 803 300 762 498
---
8
7 2
7 1
2 0
1 3
1 5
3 4
4 6
482 867 908 880 43 688 336 54