8
3 5
3 1
3 6
3 4
3 7
3 0
3 2
rpnvqusq
---
8
0 1
0 6
0 2
0 7
0 3
0 5
0 4
vcnpueob
---
14
2 6
2 1
2 4
2 0
2 9
2 3
2 13
2 7
2 8
2 11
2 5
2 12
2 10
cmkhqcpzmzxwbg
---
11
1 3
1 8
1 0
3 10
0 7
0 9
1 4
0 5
10 2
0 6
nwyryluknxe
---
12
2 10
10 7
10 1
2 3
2 11
11 6
1 8
1 4
1 9
2 5
8 0
xbdjlkqmpori
---
1
i
---
10
2 5
5 9
5 4
4 1
4 0
0 7
5 3
4 6
0 8
xxxxxxxxxx
---
10
8 3
8 2
3 5
2 4
5 0
4 6
2 7
7 9
7 1
sbxlisazts
---
39
34 29
34 4
4 38
34 25
4 17
34 12
12 6
6 11
12 9
38 5
25 24
4 14
34 13
11 8
11 2
9 22
17 31
34 0
0 20
11 1
1 16
22 26
11 27
24 30
25 18
34 23
34 35
35 7
6 15
20 37
30 28
35 36
7 3
17 32
12 19
35 33
19 10
18 21
uazhtanfepydvtzbmpnkewbeyeleughuzlkeebv
---
9
5 4
4 2
4 0
5 7
4 1
0 6
7 8
1 3
bbbbbbbbb
---
9
8 7
7 4
4 0
0 6
6 1
1 2
2 3
3 5
ufshrfquv
---
24
20 18
20 6
20 12
20 21
18 14
21 17
12 15
6 19
21 0
18 2
2 4
6 3
17 16
18 22
0 9
17 23
4 10
0 7
7 8
7 13
6 11
22 5
0 1
ydlzvabyuqpgkleffzgdfhou
---
12
3 7
7 9
9 2
9 5
9 8
2 11
3 6
11 1
2 0
2 10
6 4
eybywczkegyx
---
8
1 4
1 7
1 5
1 6
1 3
1 0
1 2
avcuxypl
---
14
0 8
0 9
0 6
0 11
0 3
0 13
0 2
0 5
0 1
0 4
0 7
0 10
0 12
kjzeunukqmulxo
---
12
7 10
7 9
9 8
10 3
10 2
7 5
7 0
2 4
3 1
2 6
9 11
gwdgccheieia
---
2
1 0
zj
---
20
0 3
3 12
12 17
17 5
5 18
18 16
16 19
19 11
11 13
13 1
1 8
8 10
10 14
14 15
15 2
2 6
6 9
9 4
4 7
uuuuuuuuuuuuuuuuuuuu
---
45
4 20
20 38
4 18
38 24
20 37
4 28
28 19
18 16
28 43
18 32
37 29
20 25
38 14
19 39
43 9
14 8
18 33
29 7
8 30
43 21
4 26
39 23
24 44
26 2
39 17
17 5
29 13
43 12
44 10
14 34
16 31
44 15
39 1
23 0
18 40
4 42
28 3
21 36
2 41
7 22
15 6
37 27
20 11
6 35
yyedpiauztdwacleusaombnfpxbecsnfywzluzzepbhyx
---
42
35 9
9 15
35 41
41 20
9 11
41 22
35 29
9 2
2 12
11 33
22 26
29 25
35 16
22 24
29 5
2 21
16 36
41 28
29 14
15 31
12 7
14 0
14 1
16 4
1 32
5 37
22 17
31 38
25 34
24 39
26 3
0 10
36 30
41 23
39 8
28 13
0 40
31 6
29 19
6 27
2 18
keqbarhcfhkvsrczhxwpmlltptusufosbtbqwttlne