1 1 1 1 1 1 1 1
---
1 1 1 1 1 1 1 1
---
2 1 1 1 1 1 1 1 1 1 1 1 1 1
---
2 1 1 1 1 1 1 1 1 1 1
---
1 1 1 1 1 1 1 1 1 1 1 1
---
1
---
10 1 1 1 7 4 1 1 1 1
---
3 1 1 1 1 2 1 1 1 1
---
3 1 1 1 1 1 1 1 1 1 1 1 1 1 1 1 1 1 1 1 1 1 1 1 1 1 1 1 1 1 1 1 1 1 2 2 1 1 1
---
9 2 1 1 7 3 1 2 1
---
2 2 1 1 1 1 1 1 1
---
2 1 1 1 1 1 1 1 1 1 1 1 1 1 1 1 1 1 1 1 2 1 1 1
---
2 1 1 1 1 1 1 1 1 1 1 1
---
1 1 1 1 1 1 1 1
---
2 1 1 1 1 1 1 1 1 1 1 1 1 1
---
2 1 1 1 1 1 1 2 1 1 1 1
---
1 1
---
20 10 5 19 2 16 4 1 9 3 8 12 18 11 7 6 14 17 15 13
---
4 1 1 1 3 1 1 1 1 1 1 1 1 1 1 1 1 1 1 1 1 1 1 2 1 1 2 1 2 1 1 1 1 1 1 1 1 1 3 4 1 1 1 1 1
---
2 1 1 1 1 1 1 1 1 2 1 1 1 1 2 1 1 1 1 1 1 1 2 1 1 1 1 1 1 2 1 2 1 1 1 2 1 1 1 1 1 1