1
1
---
15
9 5
5 4
9 14
4 8
14 13
4 3
4 12
3 0
5 6
13 2
2 11
12 1
0 10
13 7
2 0 0 2 0 0 1 4 0 0 1 2 0 0 3
---
9
1 8
1 7
8 2
8 4
1 3
2 0
8 5
5 6
0 1 1 1 0 1 2 3 0
---
18
7 6
6 17
17 4
4 1
1 16
16 13
13 2
2 9
9 3
3 5
5 14
14 8
8 12
12 0
0 11
11 15
15 10
2 0 0 2 0 0 0 1 1 0 3 1 1 0 1 3 2 1
---
30
2 26
2 20
20 15
15 6
2 22
6 29
2 14
29 8
14 5
29 13
26 12
20 3
12 0
26 1
0 10
8 4
20 16
10 19
20 9
20 11
10 25
9 18
16 23
8 7
0 27
25 24
13 28
7 17
17 21
3 2 1 1 0 1 2 2 1 0 2 0 1 1 1 2 0 0 2 1 0 2 1 0 1 0 1 0 1 1
---
45
38 27
38 36
36 17
27 16
27 39
16 5
38 33
36 14
14 26
33 21
33 34
5 3
16 18
18 11
3 9
38 1
36 25
36 42
34 7
27 24
18 43
26 6
7 31
9 13
43 19
16 37
6 12
14 41
14 0
12 30
34 29
6 28
29 20
3 23
21 10
24 35
37 15
5 40
27 44
28 4
27 2
20 32
40 22
17 8
0 0 0 0 2 1 1 1 0 2 0 0 1 1 2 2 2 1 0 3 0 0 5 2 1 1 0 0 0 0 0 1 3 0 1 1 2 1 1 2 0 1 1 2 1
---
6
2 3
3 4
4 0
0 1
1 5
0 0 1 3 0 2
---
6
0 2
0 1
0 5
0 4
0 3
1 1 1 1 1 1
---
9
4 6
4 1
4 8
4 2
4 0
4 7
4 3
4 5
2 2 1 2 0 0 0 1 1
---
15
0 6
6 9
9 8
8 4
4 3
3 12
12 2
2 1
1 14
14 5
5 11
11 10
10 13
13 7
2 3 1 0 1 1 0 0 1 1 3 1 0 1 0
---
20
0 15
0 7
7 10
7 14
7 6
0 9
15 11
14 17
0 12
9 8
6 4
7 3
17 1
0 5
4 19
8 16
8 13
8 18
3 2
2 1 1 0 0 0 0 0 2 3 2 0 0 1 2 0 2 2 1 1
---
36
12 20
20 24
24 3
24 22
24 21
20 34
24 7
20 27
7 14
7 32
7 19
21 6
19 10
32 23
21 4
32 9
22 11
6 26
24 0
34 8
23 25
7 2
27 16
2 28
3 31
31 30
6 5
32 33
27 35
30 29
0 17
33 18
18 13
22 1
6 15
1 0 0 1 1 1 3 2 1 1 0 1 0 1 2 0 3 0 2 2 2 0 0 0 1 0 1 3 1 0 3 1 0 0 1 1
---
1
1
---
1
1
---
36
18 33
33 11
33 9
9 3
11 34
33 4
34 35
11 14
11 6
6 32
18 26
35 20
6 12
26 15
18 24
32 28
18 23
34 17
24 25
9 16
34 31
17 8
33 13
24 7
14 5
12 27
15 0
31 10
14 21
12 1
27 30
0 19
0 2
7 29
8 22
0 1 1 1 0 2 0 1 1 1 2 1 0 1 1 0 0 1 0 2 2 1 1 0 2 2 2 0 2 1 0 1 2 2 2 0
---
7
1 2
2 5
5 0
0 4
4 6
6 3
0 0 0 0 0 0 7
---
5
3 0
3 1
1 2
1 4
0 0 0 1 4
---
1
1
---
9
2 7
7 0
0 3
2 1
2 5
2 8
5 6
2 4
2 1 0 0 0 2 1 0 3
---
9
5 7
7 2
7 3
5 0
7 1
7 4
7 6
1 8
1 0 1 3 1 1 2 0 0